hs12 119612858 119612880 0.508196704751803
hs2 173222802 173222824 0.5062593296639872
hs11 44986455 44986477 0.5051272918851876
hs1 19244445 19244467 0.5022637194924416
hs6 168705441 168705463 0.501821331097831
hs16 84562951 84562973 0.501821331097831
hs17 76992474 76992496 0.500806216400654
hs22 44832067 44832089 0.49935681411355687
hs19 41931608 41931630 0.4993560294653102
hs19 41630028 41630050 0.499129679612102
hs9 138467255 138467277 0.4989783993363138
hs18 75311777 75311799 0.4988376802933905
hs4 92837141 92837163 0.49881749243439577
hs2 73161170 73161192 0.49856976142684617
hs5 34026344 34026366 0.49837327658890374
hs11 71820499 71820521 0.4980196363068607
hs22 35725450 35725472 0.4973913803118009
hs16 73470906 73470928 0.4973019944769761
hs16 50684461 50684483 0.49657430570239036
hs5 177679779 177679801 0.49606082979768057
hs2 15714705 15714727 0.49589107797322285
hs9 135670136 135670158 0.4953897405536294
hs9 138635656 138635678 0.49506427925176166
hs17 71699477 71699499 0.49501091832343896
hsX 136660057 136660079 0.49482657508047806
hs3 125802639 125802661 0.49482657508047806
hs14 102043801 102043823 0.49482657508047806
hsX 119039170 119039192 0.494717962197137
hs14 90921232 90921254 0.49459523130854793
hs11 128800602 128800624 0.4945823119998378
hs9 89337380 89337402 0.49457832688140907
hs2 2939684 2939706 0.4944696065055288
hs1 3477210 3477232 0.4941984507732068
hs10 88964730 88964752 0.49409916440871504
hs3 179420146 179420168 0.49359578850139474
hs8 19174080 19174102 0.4935589575441073
hs3 23919928 23919950 0.4931209416180078
hs18 76300626 76300648 0.4930390581853584
hs22 46315635 46315657 0.4929912398796824
hs2 73161174 73161196 0.4929912398796824
hs1 9382707 9382729 0.4929912398796824
hs3 111040722 111040744 0.4928990324876408
hs14 99307476 99307498 0.49254230937873617
hs20 37681257 37681279 0.4924620427743523
hs16 56715757 56715779 0.49235334119435575
hs15 62581223 62581245 0.4922938772231127
hs15 79086719 79086741 0.4921868467469258
hs15 75972530 75972552 0.49215249207202133
hs9 110834390 110834412 0.49194926090478713
hs11 118533552 118533574 0.49192886859723617
hs10 103877361 103877383 0.49187416690038926
hs8 144693742 144693764 0.49181003068697415
hs16 2258626 2258648 0.49181003068697415
hs13 84633010 84633032 0.4917338938944796
hs14 69351363 69351385 0.49167771692656814
hs10 124355302 124355324 0.49167026390286356
hs10 124342599 124342621 0.49167026390286356
hs17 76685969 76685991 0.4916315473176202
hs11 75264727 75264749 0.4915964298342666
hs3 128031581 128031603 0.4915904762432573
hs3 116461029 116461051 0.491529005285172
hs7 56558148 56558170 0.4914497171737065
hs19 29402504 29402526 0.49138971573505996
hs3 19881788 19881810 0.4913791765490412
hs22 43284416 43284438 0.4913003499207169
hs10 11250739 11250761 0.4911594786482126
hs19 3102998 3103020 0.4910651719601741
hs3 13853365 13853387 0.4909326340650045
hs14 59179299 59179321 0.4909251639947155
hs11 67410062 67410084 0.4908220750234944
hs12 120806743 120806765 0.49081704043499264
hs10 2940979 2941001 0.49078416113611223
hs16 1817050 1817072 0.49070843953799825
hs3 117390119 117390141 0.49053658404301415
hs4 58097626 58097648 0.49044404775112754
hs19 33665177 33665199 0.49041843612611014
hs17 36622725 36622747 0.49041843612611014
hs10 121386148 121386170 0.49041843612611014
hs22 50780839 50780861 0.4903588521720379
hs3 139977219 139977241 0.49035279778524793
hs8 126616693 126616715 0.4901182465901565
hs18 42325626 42325648 0.4901182465901565
hs17 78942847 78942869 0.49001189323551203
hs5 7761019 7761041 0.490008450094024
hs21 34806575 34806597 0.490008450094024
hs1 2397578 2397600 0.4899820852535075
hs2 121153615 121153637 0.4899161302443165
hs1 32088400 32088422 0.4897194963074734
hs20 62468412 62468434 0.489673654191619
hs15 77328955 77328977 0.489673654191619
hs8 81806155 81806177 0.48956847196179465
hs4 6395388 6395410 0.4895618275659163
hs3 8751202 8751224 0.48951108918594843
hs17 1920106 1920128 0.4894255496196543
hs10 88114468 88114490 0.4894255496196543
hs14 91739722 91739744 0.4892570902338873
hs22 48808916 48808938 0.4891230599932937
hs3 127974287 127974309 0.48911879715636075
hs2 242809446 242809468 0.4891093132798218
hs14 105258744 105258766 0.48906754226928917
hs8 23579127 23579149 0.48898923444641235
hs2 39133856 39133878 0.48898923444641235
hs2 164856117 164856139 0.48898923444641235
hs12 120780281 120780303 0.4889131183348497
hs13 35032986 35033008 0.48851995224052075
hs9 135214399 135214421 0.4882664976031129
hs1 147103883 147103905 0.4882229594497621
hs20 955664 955686 0.48818911822056466
hs2 43046499 43046521 0.48818911822056466
hsX 15713522 15713544 0.4881878516316705
hs1 2745129 2745151 0.48809306157319426
hs22 36827264 36827286 0.4880658521761319
hs10 127672454 127672476 0.4880611727673886
hs10 35865811 35865833 0.4878474293438085
hs11 66307050 66307072 0.4878397814409845
hs5 26569779 26569801 0.48779455969969443
hs1 22467049 22467071 0.48778730634662604
hs14 105674582 105674604 0.48777259512569987
hs2 16108199 16108221 0.48774747941243857
hs10 80895820 80895842 0.4877184520644949
hs1 221067389 221067411 0.48770027985414766
hs7 600151 600173 0.4875427510605768
hs17 7536197 7536219 0.4874561221917883
hs5 5757498 5757520 0.4874377801882853
hs8 142840712 142840734 0.4874264155822059
hs10 99673873 99673895 0.48740247246915414
hs11 10409729 10409751 0.4873965539066531
hs11 61464793 61464815 0.4873805782814196
hs11 73106225 73106247 0.4873585901956629
hs7 76635605 76635627 0.4873472613119599
hs7 76141711 76141733 0.4873472613119599
hs5 100236885 100236907 0.48728067911426987
hs7 150798869 150798891 0.48725673213475207
hs15 78023158 78023180 0.4872541470469673
hs16 2526646 2526668 0.48723296565478785
hs10 75570807 75570829 0.48723296565478785
hs17 79109061 79109083 0.487183487037556
hs17 8994123 8994145 0.48716763067764973
hs3 9992052 9992074 0.4870957241286937
hs2 74485144 74485166 0.48707831741256685
hs2 98275303 98275325 0.48705803828853733
hs2 99957476 99957498 0.4870558259126457
hs16 88493399 88493421 0.4870177613335677
hs6 3831258 3831280 0.48700307227212924
hs6 150190015 150190037 0.4869891801622049
hs16 89918169 89918191 0.4869475658191106
hs14 23348659 23348681 0.4869475658191106
hs9 92448844 92448866 0.48690009978548077
hs1 10785715 10785737 0.4868077824675261
hs6 36709984 36710006 0.4867799483084487
hs6 145818744 145818766 0.48674903203871883
hs16 28327747 28327769 0.48674903203871883
hs17 19282585 19282607 0.48669599293354887
hs13 107333628 107333650 0.4866848430525396
hs15 99981471 99981493 0.4866589795422798
hs14 57046436 57046458 0.48661036784216255
hs4 95621991 95622013 0.4865728229262045
hs20 62595494 62595516 0.4864994187546029
hs18 44008076 44008098 0.48648053291698923
hs9 8338046 8338068 0.48643779043389457
hs14 102835175 102835197 0.48643125965082834
hs19 34074338 34074360 0.4863546582153973
hs1 202233193 202233215 0.4863546582153973
hs22 17951172 17951194 0.4863504915013401
hs10 118517816 118517838 0.4863007674394973
hs1 177195021 177195043 0.48628898920465524
hs3 43035784 43035806 0.4862403745518601
hs14 82295896 82295918 0.48604143890941454
hs8 3523667 3523689 0.4860191220752017
hs2 132278370 132278392 0.4860191220752017
hs2 130909735 130909757 0.4860191220752017
hs13 86054979 86055001 0.4860191220752017
hs13 97513375 97513397 0.4860075636889459
hs20 61962493 61962515 0.48599949285702876
hs10 105309478 105309500 0.4859337619049221
hs14 56175355 56175377 0.48584381295799023
hs1 243637678 243637700 0.4857934228084456
hs11 12053656 12053678 0.4857874567017588
hs20 34522057 34522079 0.48578599811863477
hs14 95535697 95535719 0.48574769880158986
hs3 126214852 126214874 0.4857273029458945
hs2 135317598 135317620 0.48562499385370544
hs2 67271519 67271541 0.4856165331570376
hsX 5187339 5187361 0.4855960925405199
hs15 51670187 51670209 0.48557174055363916
hs17 41439728 41439750 0.4854759902185429
hs16 89963736 89963758 0.4854759902185429
hs7 158830869 158830891 0.48543116014103643
hs11 75296519 75296541 0.4853476967218241
hs17 62794601 62794623 0.4853426621132222
hs17 43529203 43529225 0.4853426621132222
hs4 156413394 156413416 0.48533593538541836
hs21 44774494 44774516 0.4852366202544588
hs1 46305194 46305216 0.4852286788670537
hs19 41111296 41111318 0.48512044080321215
hs3 54979544 54979566 0.48508825861283544
hs1 47285254 47285276 0.48508825861283544
hs16 85627736 85627758 0.4850576992787935
hs9 36838550 36838572 0.4850556445223042
hs16 54188357 54188379 0.48500018288318564
